-7.067227
-6.428234
-6.894338
-8.238693
-8.119386
-7.819078
-7.605367
-7.537610
-7.147995
-7.390479
-6.964362
-7.310548
-7.563512
-8.650173
-7.928797
-7.709594
-7.157226
-7.357973
-6.741650
-7.496762
-6.926634
-7.338125
-7.421323
-8.703184
-7.754203
-7.302868
-7.238982
-8.346918
-7.807586
-7.242341
-7.528886
-7.310053
-8.839951
-7.188567
-8.459961
-7.409651
-8.237931
-7.632471
-6.245663
-7.065891
-7.362526
-6.204001
-8.165643
-8.044819
-6.871399
-6.851048
-7.493853
-7.681724
-6.931481
-7.626824
-7.258290
-7.775815
-7.431994
-7.339948
-7.472447
-8.138281
-6.601029
-7.621143
-6.757943
-7.319918
-6.698996
-6.619521
-6.960245
-7.215284
-7.768092
-7.535461
-7.653315
-7.384541
-7.395185
-7.638230
-7.353924
-7.158532
-8.199248
-8.179234
-7.172338
-8.214175
-7.778965
-7.754601
-8.024310
-7.683291
-6.519880
-6.742364
-8.522766
-7.629623
-7.858289
-7.326731
-7.543170
-7.026756
-6.375409
-7.576110
-8.009388
-7.155929
-7.708912
-8.255054
-7.571251
-7.450280
-6.507091
-6.779869
-7.074862
-7.578608
-7.860914
-6.841250
-8.222479
-6.829652
-7.511128
-7.662222
-7.839619
-6.678723
-7.544913
-8.008985
-6.308383
-7.225144
-7.680722
-7.130903
-7.529145
-6.806619
-7.368832
-6.875409
-7.390532
-7.747029
-7.848644
-7.709628
-7.443439
-7.728683
-6.684645
-7.528236
-7.340837
-7.568560
-6.391696
-8.787337
-7.383780
-6.668540
-7.313681
-6.752337
-7.886742
-7.477359
-8.869779
-7.354802
-7.653358
-7.470561
-6.989026
-7.007534
